-1 179
0 0.1813782093
1 0
2 -0.02
3 -0.0343971
4 -0.0446032
5 -0.0516857
6 -0.0564535
7 -0.0595235
8 -0.0613711
9 -0.0623694
10 -0.0628197
11 -0.0629768
12 -0.0630692
13 -0.0633185
14 -0.0639572
15 -0.065248
16 -0.067504
17 -0.071104
18 -0.07592
19 -0.081824
20 -0.088688
21 -0.096384
22 -0.104784
23 -0.11376
24 -0.123184
25 -0.132928
26 -0.142864
27 -0.152864
28 -0.1628
29 -0.172544
30 -0.181968
31 -0.190944
32 -0.199344
33 -0.20704
34 -0.213904
35 -0.219808
36 -0.224624
37 -0.228224
38 -0.230698
39 -0.232349
40 -0.2334
41 -0.234024
42 -0.234346
43 -0.234463
44 -0.234446
45 -0.234348
46 -0.234208
47 -0.234052
48 -0.233898
49 -0.233755
50 -0.233626
51 -1
52 -0.719854
53 -0.510306
54 -0.354123
55 -0.238391
56 -0.153502
57 -0.0923811
58 -0.0499128
59 -0.0225166
60 -0.00785124
61 -0.00462023
62 -0.0124654
63 -0.0319381
64 -0.0645369
65 -0.1128
66 -0.18
67 -0.2408
68 -0.2952
69 -0.3432
70 -0.3848
71 -0.42
72 -0.4488
73 -0.4712
74 -0.4872
75 -0.4968
76 -0.5
77 -0.4968
78 -0.4872
79 -0.4712
80 -0.4488
81 -0.42
82 -0.3848
83 -0.3432
84 -0.2952
85 -0.2408
86 -0.18
87 -0.123705
88 -0.0825222
89 -0.05259
90 -0.0311985
91 -0.0160862
92 -0.00584079
93 0.000842921
94 0.00488916
95 0.00701699
96 0.00779947
97 0.00770732
98 0.00713825
99 0.00643135
100 0.00586347
101 13.0073
102 9.75758
103 7.29885
104 5.43246
105 4.00607
106 2.90253
107 2.03104
108 1.3199
109 0.710752
110 0.153699
111 -0.39688
112 -0.986098
113 -1.66188
114 -2.47769
115 -3.4728
116 -3.22
117 -2.9608
118 -2.6952
119 -2.4232
120 -2.1448
121 -1.86
122 -1.5688
123 -1.2712
124 -0.9672
125 -0.6568
126 -0.34
127 -0.0168
128 0.3128
129 0.6488
130 0.9912
131 1.34
132 1.6952
133 2.0568
134 2.4248
135 2.7992
136 2.63477
137 1.93542
138 1.41409
139 1.01699
140 0.724415
141 0.496187
142 0.328345
143 0.203155
144 0.111281
145 0.0461411
146 0.00319197
147 -0.020746
148 -0.0282071
149 -0.0219622
150 -0.00618934
