-1 255
0 0.1813782182
1 0
2 -0.02
3 -0.0343977
4 -0.0446051
5 -0.0516854
6 -0.056451
7 -0.0595197
8 -0.0613672
9 -0.0623663
10 -0.0628178
11 -0.0629761
12 -0.0630696
13 -0.0633198
14 -0.0639599
15 -0.0652511
16 -0.0675071
17 -0.0711071
18 -0.0759231
19 -0.0818271
20 -0.0886911
21 -0.0963871
22 -0.104787
23 -0.113763
24 -0.123187
25 -0.132931
26 -0.142867
27 -0.152867
28 -0.162803
29 -0.172547
30 -0.181971
31 -0.190947
32 -0.199347
33 -0.207043
34 -0.213907
35 -0.219811
36 -0.224627
37 -0.228227
38 -0.230702
39 -0.232351
40 -0.233401
41 -0.234025
42 -0.234349
43 -0.234467
44 -0.234451
45 -0.234353
46 -0.234212
47 -0.234056
48 -0.233901
49 -0.233757
50 -0.233629
51 -1
52 -0.719887
53 -0.510368
54 -0.354014
55 -0.238278
56 -0.153437
57 -0.0923769
58 -0.0499533
59 -0.0225773
60 -0.00791301
61 -0.00467391
62 -0.0125089
63 -0.0320079
64 -0.0645574
65 -0.1128
66 -0.18
67 -0.2408
68 -0.2952
69 -0.3432
70 -0.3848
71 -0.42
72 -0.4488
73 -0.4712
74 -0.4872
75 -0.4968
76 -0.5
77 -0.4968
78 -0.4872
79 -0.4712
80 -0.4488
81 -0.42
82 -0.3848
83 -0.3432
84 -0.2952
85 -0.2408
86 -0.18
87 -0.123754
88 -0.0824261
89 -0.0525193
90 -0.0312223
91 -0.0161745
92 -0.00589919
93 0.000811068
94 0.0048817
95 0.00703301
96 0.00783554
97 0.00775077
98 0.00716249
99 0.00640402
100 0.0058026
101 13.0056
102 9.75608
103 7.30732
104 5.43277
105 4.0038
106 2.89956
107 2.02881
108 1.31884
109 0.710638
110 0.154042
111 -0.396422
112 -0.987462
113 -1.65948
114 -2.47669
115 -3.4728
116 -3.22
117 -2.9608
118 -2.6952
119 -2.4232
120 -2.1448
121 -1.86
122 -1.5688
123 -1.2712
124 -0.9672
125 -0.6568
126 -0.34
127 -0.0168
128 0.3128
129 0.6488
130 0.9912
131 1.34
132 1.6952
133 2.0568
134 2.4248
135 2.7992
136 2.63228
137 1.94266
138 1.41291
139 1.01233
140 0.721164
141 0.497592
142 0.329614
143 0.204343
144 0.112447
145 0.0471595
146 0.00359709
147 -0.0216637
148 -0.0307608
149 -0.0236672
150 -0.0052746
