-1 238
0 0.1813782696
1 0
2 -0.02
3 -0.0343987
4 -0.0446085
5 -0.0516993
6 -0.0564754
7 -0.0595481
8 -0.0613951
9 -0.0623921
10 -0.062842
11 -0.0629994
12 -0.0630924
13 -0.0633418
14 -0.0639804
15 -0.0652721
16 -0.0675281
17 -0.0711281
18 -0.0759441
19 -0.0818481
20 -0.0887121
21 -0.0964081
22 -0.104808
23 -0.113784
24 -0.123208
25 -0.132952
26 -0.142888
27 -0.152888
28 -0.162824
29 -0.172568
30 -0.181992
31 -0.190968
32 -0.199368
33 -0.207064
34 -0.213928
35 -0.219832
36 -0.224648
37 -0.228248
38 -0.23072
39 -0.232369
40 -0.233421
41 -0.234048
42 -0.234376
43 -0.2345
44 -0.234489
45 -0.234395
46 -0.234256
47 -0.234099
48 -0.233941
49 -0.233795
50 -0.233663
51 -1
52 -0.719934
53 -0.510492
54 -0.354538
55 -0.238806
56 -0.153632
57 -0.0923518
58 -0.0498522
59 -0.0224926
60 -0.00786925
61 -0.00464956
62 -0.0124739
63 -0.0319283
64 -0.0645845
65 -0.1128
66 -0.18
67 -0.2408
68 -0.2952
69 -0.3432
70 -0.3848
71 -0.42
72 -0.4488
73 -0.4712
74 -0.4872
75 -0.4968
76 -0.5
77 -0.4968
78 -0.4872
79 -0.4712
80 -0.4488
81 -0.42
82 -0.3848
83 -0.3432
84 -0.2952
85 -0.2408
86 -0.18
87 -0.123597
88 -0.08245
89 -0.0526166
90 -0.0313189
91 -0.0164002
92 -0.00619127
93 0.000533845
94 0.00468691
95 0.00695613
96 0.00787307
97 0.00786595
98 0.00730967
99 0.0065834
100 0.00598354
101 13.0033
102 9.75215
103 7.28719
104 5.43208
105 4.01989
106 2.91039
107 2.03263
108 1.31813
109 0.708674
110 0.153115
111 -0.395865
112 -0.985195
113 -1.66474
114 -2.47536
115 -3.4728
116 -3.22
117 -2.9608
118 -2.6952
119 -2.4232
120 -2.1448
121 -1.86
122 -1.5688
123 -1.2712
124 -0.9672
125 -0.6568
126 -0.34
127 -0.0168
128 0.3128
129 0.6488
130 0.9912
131 1.34
132 1.6952
133 2.0568
134 2.4248
135 2.7992
136 2.64017
137 1.93373
138 1.40922
139 1.01227
140 0.714616
141 0.494044
142 0.330064
143 0.208187
144 0.118148
145 0.0528031
146 0.00751726
147 -0.019948
148 -0.0290039
149 -0.0234096
150 0.0103275
