-1 113
0 0.1813783585
1 0
2 -0.02
3 -0.0344034
4 -0.0446097
5 -0.0516863
6 -0.0564465
7 -0.059511
8 -0.0613572
9 -0.0623583
10 -0.0628142
11 -0.0629775
12 -0.0630753
13 -0.0633279
14 -0.0639673
15 -0.0652551
16 -0.0675111
17 -0.0711111
18 -0.0759271
19 -0.0818311
20 -0.0886951
21 -0.0963911
22 -0.104791
23 -0.113767
24 -0.123191
25 -0.132935
26 -0.142871
27 -0.152871
28 -0.162807
29 -0.172551
30 -0.181975
31 -0.190951
32 -0.199351
33 -0.207047
34 -0.213911
35 -0.219815
36 -0.224631
37 -0.228231
38 -0.230704
39 -0.232353
40 -0.233404
41 -0.234023
42 -0.234344
43 -0.234459
44 -0.23444
45 -0.23434
46 -0.234198
47 -0.234042
48 -0.233889
49 -0.23375
50 -0.233627
51 -1
52 -0.720172
53 -0.510315
54 -0.35383
55 -0.238007
56 -0.153225
57 -0.0923132
58 -0.0500532
59 -0.0227936
60 -0.00816643
61 -0.00488763
62 -0.0126314
63 -0.0319682
64 -0.06439
65 -0.1128
66 -0.18
67 -0.2408
68 -0.2952
69 -0.3432
70 -0.3848
71 -0.42
72 -0.4488
73 -0.4712
74 -0.4872
75 -0.4968
76 -0.5
77 -0.4968
78 -0.4872
79 -0.4712
80 -0.4488
81 -0.42
82 -0.3848
83 -0.3432
84 -0.2952
85 -0.2408
86 -0.18
87 -0.123653
88 -0.082429
89 -0.0525514
90 -0.0309797
91 -0.0160105
92 -0.00574876
93 0.000948935
94 0.00498601
95 0.00707972
96 0.00780551
97 0.00763422
98 0.00696364
99 0.00614624
100 0.0055143
101 12.9914
102 9.77266
103 7.31392
104 5.43732
105 4.00111
106 2.89236
107 2.02069
108 1.31293
109 0.708566
110 0.155774
111 -0.392077
112 -0.979473
113 -1.65306
114 -2.48489
115 -3.4728
116 -3.22
117 -2.9608
118 -2.6952
119 -2.4232
120 -2.1448
121 -1.86
122 -1.5688
123 -1.2712
124 -0.9672
125 -0.6568
126 -0.34
127 -0.0168
128 0.3128
129 0.6488
130 0.9912
131 1.34
132 1.6952
133 2.0568
134 2.4248
135 2.7992
136 2.63734
137 1.93756
138 1.41145
139 1.02603
140 0.717479
141 0.497077
142 0.329136
143 0.202803
144 0.109671
145 0.0433694
146 -0.000759058
147 -0.0258946
148 -0.0339068
149 -0.0254506
150 0
