-1 22
0 0.1813781935
1 0
2 -0.02
3 -0.0343984
4 -0.0446064
5 -0.0516904
6 -0.0564589
7 -0.0595289
8 -0.0613759
9 -0.0623736
10 -0.0628236
11 -0.0629807
12 -0.0630737
13 -0.0633239
14 -0.0639636
15 -0.0652549
16 -0.0675112
17 -0.0711112
18 -0.0759272
19 -0.0818312
20 -0.0886952
21 -0.0963912
22 -0.104791
23 -0.113767
24 -0.123191
25 -0.132935
26 -0.142871
27 -0.152871
28 -0.162807
29 -0.172551
30 -0.181975
31 -0.190951
32 -0.199351
33 -0.207047
34 -0.213911
35 -0.219815
36 -0.224631
37 -0.228231
38 -0.230704
39 -0.232353
40 -0.233404
41 -0.234027
42 -0.234351
43 -0.23447
44 -0.234455
45 -0.234359
46 -0.23422
47 -0.234064
48 -0.233909
49 -0.233765
50 -0.233637
51 -1
52 -0.71992
53 -0.510402
54 -0.354199
55 -0.238425
56 -0.153496
57 -0.0923535
58 -0.0498829
59 -0.0225001
60 -0.0078568
61 -0.00464907
62 -0.0125109
63 -0.0319844
64 -0.0645636
65 -0.112817
66 -0.18
67 -0.2408
68 -0.2952
69 -0.3432
70 -0.3848
71 -0.42
72 -0.4488
73 -0.4712
74 -0.4872
75 -0.4968
76 -0.5
77 -0.4968
78 -0.4872
79 -0.4712
80 -0.4488
81 -0.42
82 -0.3848
83 -0.3432
84 -0.2952
85 -0.2408
86 -0.18
87 -0.123662
88 -0.0824291
89 -0.0525415
90 -0.031168
91 -0.0161739
92 -0.0059472
93 0.000733861
94 0.00480017
95 0.00696813
96 0.00779821
97 0.00774092
98 0.00717371
99 0.00643193
100 0.00583638
101 13.004
102 9.756
103 7.29972
104 5.43451
105 4.00801
106 2.90365
107 2.03118
108 1.31926
109 0.709665
110 0.15253
111 -0.397742
112 -0.986183
113 -1.66095
114 -2.47724
115 -3.47196
116 -3.22
117 -2.9608
118 -2.6952
119 -2.4232
120 -2.1448
121 -1.86
122 -1.5688
123 -1.2712
124 -0.9672
125 -0.6568
126 -0.34
127 -0.0168
128 0.3128
129 0.6488
130 0.9912
131 1.34
132 1.6952
133 2.0568
134 2.4248
135 2.7992
136 2.63689
137 1.93799
138 1.41195
139 1.01613
140 0.718533
141 0.495163
142 0.328106
143 0.204049
144 0.113198
145 0.0484723
146 0.00493384
147 -0.0206197
148 -0.0299154
149 -0.0233455
150 5.77064e-27
