-1 31
0 0.1813781927
1 0
2 -0.02
3 -0.0343984
4 -0.0446064
5 -0.0516904
6 -0.0564589
7 -0.0595289
8 -0.061376
9 -0.0623736
10 -0.0628237
11 -0.0629808
12 -0.0630739
13 -0.0633242
14 -0.0639639
15 -0.0652553
16 -0.0675119
17 -0.0711119
18 -0.0759279
19 -0.0818319
20 -0.0886959
21 -0.0963919
22 -0.104792
23 -0.113768
24 -0.123192
25 -0.132936
26 -0.142872
27 -0.152872
28 -0.162808
29 -0.172552
30 -0.181976
31 -0.190952
32 -0.199352
33 -0.207048
34 -0.213912
35 -0.219816
36 -0.224632
37 -0.228232
38 -0.230705
39 -0.232354
40 -0.233405
41 -0.234028
42 -0.234351
43 -0.23447
44 -0.234456
45 -0.23436
46 -0.23422
47 -0.234064
48 -0.233909
49 -0.233766
50 -0.233637
51 -1
52 -0.71992
53 -0.510402
54 -0.3542
55 -0.238425
56 -0.153497
57 -0.092354
58 -0.0498837
59 -0.0225013
60 -0.00785858
61 -0.00465157
62 -0.0125144
63 -0.0319891
64 -0.0645701
65 -0.112826
66 -0.18
67 -0.2408
68 -0.2952
69 -0.3432
70 -0.3848
71 -0.42
72 -0.4488
73 -0.4712
74 -0.4872
75 -0.4968
76 -0.5
77 -0.4968
78 -0.4872
79 -0.4712
80 -0.4488
81 -0.42
82 -0.3848
83 -0.3432
84 -0.2952
85 -0.2408
86 -0.18
87 -0.123662
88 -0.082429
89 -0.0525414
90 -0.0311679
91 -0.0161739
92 -0.00594713
93 0.000733924
94 0.00480023
95 0.00696818
96 0.00779826
97 0.00774096
98 0.00717375
99 0.00643196
100 0.00583641
101 13.004
102 9.756
103 7.29972
104 5.43451
105 4.008
106 2.90364
107 2.03116
108 1.31924
109 0.709636
110 0.152492
111 -0.397792
112 -0.986251
113 -1.66104
114 -2.47736
115 -3.47153
116 -3.22
117 -2.9608
118 -2.6952
119 -2.4232
120 -2.1448
121 -1.86
122 -1.5688
123 -1.2712
124 -0.9672
125 -0.6568
126 -0.34
127 -0.0168
128 0.3128
129 0.6488
130 0.9912
131 1.34
132 1.6952
133 2.0568
134 2.4248
135 2.7992
136 2.6369
137 1.93799
138 1.41195
139 1.01614
140 0.718534
141 0.495163
142 0.328106
143 0.204049
144 0.113198
145 0.048472
146 0.00493359
147 -0.02062
148 -0.0299156
149 -0.0233456
150 -1.76756e-13
