-1 24
0 0.1813781877
1 0
2 -0.02
3 -0.0343984
4 -0.0446064
5 -0.0516904
6 -0.056459
7 -0.059529
8 -0.0613761
9 -0.0623739
10 -0.0628241
11 -0.0629815
12 -0.0630749
13 -0.0633257
14 -0.0639661
15 -0.0652584
16 -0.0675162
17 -0.0711162
18 -0.0759322
19 -0.0818362
20 -0.0887002
21 -0.0963962
22 -0.104796
23 -0.113772
24 -0.123196
25 -0.13294
26 -0.142876
27 -0.152876
28 -0.162812
29 -0.172556
30 -0.18198
31 -0.190956
32 -0.199356
33 -0.207052
34 -0.213916
35 -0.21982
36 -0.224636
37 -0.228236
38 -0.230709
39 -0.232358
40 -0.233409
41 -0.234032
42 -0.234356
43 -0.234475
44 -0.23446
45 -0.234364
46 -0.234225
47 -0.234069
48 -0.233914
49 -0.23377
50 -0.233642
51 -1
52 -0.71992
53 -0.510402
54 -0.3542
55 -0.238427
56 -0.153499
57 -0.0923578
58 -0.0498896
59 -0.02251
60 -0.00787108
61 -0.00466917
62 -0.0125388
63 -0.0320226
64 -0.0646156
65 -0.112887
66 -0.18
67 -0.2408
68 -0.2952
69 -0.3432
70 -0.3848
71 -0.42
72 -0.4488
73 -0.4712
74 -0.4872
75 -0.4968
76 -0.5
77 -0.4968
78 -0.4872
79 -0.4712
80 -0.4488
81 -0.42
82 -0.3848
83 -0.3432
84 -0.2952
85 -0.2408
86 -0.18
87 -0.123662
88 -0.0824288
89 -0.0525411
90 -0.0311675
91 -0.0161734
92 -0.00594668
93 0.000734358
94 0.00480064
95 0.00696855
96 0.00779859
97 0.00774125
98 0.007174
99 0.00643218
100 0.00583661
101 13.004
102 9.75599
103 7.2997
104 5.43447
105 4.00795
106 2.90356
107 2.03105
108 1.31909
109 0.709437
110 0.152224
111 -0.39815
112 -0.986728
113 -1.66167
114 -2.4782
115 -3.46852
116 -3.22
117 -2.9608
118 -2.6952
119 -2.4232
120 -2.1448
121 -1.86
122 -1.5688
123 -1.2712
124 -0.9672
125 -0.6568
126 -0.34
127 -0.0168
128 0.3128
129 0.6488
130 0.9912
131 1.34
132 1.6952
133 2.0568
134 2.4248
135 2.7992
136 2.6369
137 1.938
138 1.41196
139 1.01614
140 0.718535
141 0.495163
142 0.328105
143 0.204048
144 0.113196
145 0.0484704
146 0.00493186
147 -0.0206216
148 -0.0299169
149 -0.0233464
150 8.69164e-11
