-1 135
0 0.1813781939
1 0
2 -0.02
3 -0.0343984
4 -0.0446064
5 -0.0516904
6 -0.0564589
7 -0.0595288
8 -0.0613759
9 -0.0623735
10 -0.0628235
11 -0.0629805
12 -0.0630734
13 -0.0633235
14 -0.063963
15 -0.065254
16 -0.06751
17 -0.07111
18 -0.075926
19 -0.08183
20 -0.088694
21 -0.09639
22 -0.10479
23 -0.113766
24 -0.12319
25 -0.132934
26 -0.14287
27 -0.15287
28 -0.162806
29 -0.17255
30 -0.181974
31 -0.19095
32 -0.19935
33 -0.207046
34 -0.21391
35 -0.219814
36 -0.22463
37 -0.22823
38 -0.230703
39 -0.232352
40 -0.233403
41 -0.234026
42 -0.23435
43 -0.234468
44 -0.234454
45 -0.234358
46 -0.234218
47 -0.234062
48 -0.233908
49 -0.233764
50 -0.233636
51 -1
52 -0.71992
53 -0.510402
54 -0.354199
55 -0.238425
56 -0.153496
57 -0.0923524
58 -0.0498813
59 -0.0224977
60 -0.00785332
61 -0.00464418
62 -0.0125041
63 -0.0319751
64 -0.064551
65 -0.1128
66 -0.18
67 -0.2408
68 -0.2952
69 -0.3432
70 -0.3848
71 -0.42
72 -0.4488
73 -0.4712
74 -0.4872
75 -0.4968
76 -0.5
77 -0.4968
78 -0.4872
79 -0.4712
80 -0.4488
81 -0.42
82 -0.3848
83 -0.3432
84 -0.2952
85 -0.2408
86 -0.18
87 -0.123662
88 -0.0824292
89 -0.0525416
90 -0.0311681
91 -0.0161741
92 -0.00594733
93 0.000733735
94 0.00480006
95 0.00696802
96 0.00779812
97 0.00774084
98 0.00717364
99 0.00643187
100 0.00583632
101 13.004
102 9.756
103 7.29973
104 5.43453
105 4.00803
106 2.90367
107 2.03121
108 1.3193
109 0.70972
110 0.152604
111 -0.397642
112 -0.98605
113 -1.66077
114 -2.477
115 -3.4728
116 -3.22
117 -2.9608
118 -2.6952
119 -2.4232
120 -2.1448
121 -1.86
122 -1.5688
123 -1.2712
124 -0.9672
125 -0.6568
126 -0.34
127 -0.0168
128 0.3128
129 0.6488
130 0.9912
131 1.34
132 1.6952
133 2.0568
134 2.4248
135 2.7992
136 2.63689
137 1.93799
138 1.41195
139 1.01613
140 0.718533
141 0.495163
142 0.328106
143 0.20405
144 0.113198
145 0.0484728
146 0.00493434
147 -0.0206193
148 -0.029915
149 -0.0233453
150 0
